range, ranging_attempt_count
2.86,106
2.85,162
2.85,134
2.87,162
2.83,300
2.85,134
2.86,0
2.82,0
2.86,0
2.83,0
2.84,0
2.87,0
2.84,0
2.84,0
2.85,0
2.84,0
2.88,0
2.88,0
2.85,0
2.89,0
2.83,0
2.87,0
2.87,0
2.87,0
2.84,0
2.86,0
2.85,0
2.85,0
2.85,0
2.88,0
2.87,0
2.86,0
2.89,0
2.86,0
2.85,0
2.89,0
2.86,0
2.85,0
2.86,0
2.88,0
2.83,0
2.88,0
2.89,0
2.87,0
2.85,0
2.88,0
2.88,0
2.84,0
2.89,0
2.84,0
2.84,0
2.83,0
2.85,0
2.84,0
2.90,0
2.86,0
2.84,0
2.87,0
2.85,0
2.84,0
2.84,0
2.84,0
2.83,0
2.84,0
2.85,0
2.88,0
2.83,0
2.87,0
2.84,0
2.84,134
2.88,78
2.85,0
2.85,0
2.88,51
2.89,0
2.87,106
2.85,0
2.85,23
2.85,78
2.86,0
2.86,0
2.89,78
2.85,106
2.84,23
2.82,50
2.87,78
2.90,23
2.86,0
2.87,23
2.88,0
2.91,23
2.87,23
2.82,23
2.89,0
2.85,134
2.80,78
2.84,23
2.83,0
2.84,23
2.88,51
2.85,23
2.85,0
2.84,0
2.87,106
2.86,0
2.86,161
2.91,0
2.86,189
2.87,50
2.86,0
2.82,327
2.84,244
2.86,272
2.85,23
2.86,216
2.88,327
2.88,438
2.87,0
2.85,189
2.84,50
2.87,244
2.90,23
2.85,189
2.90,134
2.86,0
2.84,106
2.89,50
2.87,161
2.86,23
2.84,134
2.85,0
2.89,410
2.86,771
2.83,161
2.89,604
2.89,51
2.89,78
2.83,438
2.84,826
2.84,78
2.85,133
2.84,134
2.85,244
2.83,521
2.82,300
2.82,244
2.86,217
2.82,0
2.82,161
2.82,78
2.81,244
2.85,134
2.83,78
2.83,0
2.83,0
2.86,0
2.88,0
2.84,0
2.84,0
2.82,0
2.82,0
2.83,0
2.87,0
2.85,0
2.83,0
2.83,0
2.82,0
2.86,0
2.82,0
2.82,0
2.82,0
2.85,0
2.83,0
2.83,0
2.82,0
2.85,0
2.85,0
2.84,0
2.86,0
2.82,0
2.85,0
2.87,0
2.84,0
2.82,0
2.86,0
2.86,0
2.84,0
2.83,23
2.86,161
2.83,0
2.82,0
2.83,0
2.85,0
2.83,0
2.85,23
2.88,0
2.84,0
2.86,0
2.90,0
2.87,0
2.87,0
2.87,0
2.86,0
2.84,0
2.89,0
2.83,300
2.86,0
2.86,0
2.88,0
2.85,0
2.84,0
2.85,0
2.86,0
2.88,0
2.87,0
2.85,0
2.86,0
2.86,0
2.85,0
2.85,0
2.85,0
2.84,0
2.88,0
2.88,0
2.87,0
2.84,0
2.88,0
2.87,0
2.87,0
2.86,0
2.88,0
2.89,0
2.85,0
2.87,0
2.85,0
2.84,51
2.85,23
2.85,0
2.87,0
2.84,0
2.88,0
2.84,0
2.83,0
2.85,0
2.85,0
2.84,0
2.83,0
2.87,0
2.85,0
2.82,0
2.86,0
2.88,0
2.87,0
2.86,0
2.88,0
2.84,0
2.84,0
2.87,0
2.85,0
2.90,0
2.86,0
2.84,0
2.85,0
2.87,0
2.85,0
2.85,0
2.92,0
2.81,0
2.84,51
2.91,51
2.88,0
2.91,0
2.87,51
2.88,189
2.78,78
2.87,0
2.84,50
2.86,161
2.87,0
2.83,0
2.86,23
2.88,106
2.85,245
2.89,162
2.83,0
2.84,0
2.87,23
2.87,0
2.86,23
2.84,134
2.87,411
2.87,106
2.85,0
2.86,51
2.87,245
2.90,0
2.88,0
2.84,0
2.89,0
2.88,0
2.90,0
2.85,0
2.85,0
2.84,0
2.84,0
2.85,0
2.90,0
2.85,0
2.89,0
2.87,0
2.88,0
2.88,0
2.84,0
2.90,0
2.89,0
2.86,0
2.89,0
2.91,0
2.83,0
2.89,0
2.84,0
2.84,0
2.85,0
2.90,0
2.88,0
2.87,0
2.85,0
2.85,0
2.86,0
2.88,0
2.85,0
2.84,0
2.90,0
2.86,0
2.84,0
2.85,0
2.83,0
2.85,0
2.88,0
2.85,0
2.88,0
2.84,0
2.84,0
2.86,0
2.86,0
2.84,0
2.84,0
2.90,0
2.84,0
2.90,0
2.85,0
2.89,0
2.89,0
2.88,0
2.87,0
2.88,0
2.86,0
2.90,23
2.86,0
2.89,23
2.89,78
2.88,50
2.91,50
2.86,0
2.86,0
2.85,0
2.88,0
2.87,0
2.85,0
2.84,0
2.85,23
2.85,106
2.84,23
2.84,0
2.89,0
2.87,0
2.85,0
2.84,0
2.86,0
2.86,0
2.88,0
2.83,23
2.84,0
2.92,23
2.86,51
2.88,0
2.87,0
2.87,0
2.84,0
2.86,0
2.87,0
2.87,0
2.83,0
2.86,0
2.85,0
2.84,0
2.85,23
2.84,51
2.85,0
2.83,0
2.83,0
2.84,0
2.84,0
2.89,0
2.84,0
2.89,0
2.85,0
2.87,0
2.88,0
2.90,0
2.90,0
2.85,0
2.84,0
2.90,0
2.85,0
2.88,0
2.89,0
2.86,0
2.84,0
2.85,0
2.85,0
2.84,0
2.86,0
2.91,0
2.84,0
2.86,0
2.87,0
2.84,0
2.88,0
2.84,0
2.83,0
2.86,0
2.87,0
2.87,0
2.87,0
2.83,0
2.85,0
2.89,0
2.84,0
2.89,0
2.86,0
2.88,0
2.88,0
2.88,0
2.85,438
2.87,189
2.90,0
2.85,23
2.87,161
2.90,355
2.88,161
2.89,300
2.89,134
2.86,383
2.86,134
2.90,0
2.87,0
2.88,0
2.88,0
2.87,0
2.85,356
2.85,0
2.85,0
2.90,78
2.86,217
2.89,938
2.90,106
2.88,78
2.87,383
2.89,50
2.85,522
2.90,161
2.84,50
2.91,0
2.86,23
2.86,522
2.87,161
2.86,50
2.87,23
2.84,0
2.88,0
2.91,495
2.89,300
2.87,162
2.85,23
2.85,106
2.89,467
2.84,162
2.89,106
2.86,0
2.89,23
2.85,217
2.84,23
2.82,217
2.84,189
2.85,134
2.89,217
2.86,23
2.86,217
2.85,162
2.86,106
2.85,245
2.84,51
2.85,23
2.84,78
2.87,106
2.84,0
2.91,23
2.85,189
2.86,189
2.86,0
2.87,23
2.87,0
2.88,23
2.84,0
2.88,51
2.84,0
2.85,0
2.87,106
2.84,51
2.86,0
2.88,300
2.89,0
2.89,51
2.84,0
2.87,51
2.86,189
2.85,162
2.84,78
2.85,0
2.85,0
2.91,51
2.89,134
2.85,51
2.86,189
2.87,0
2.85,134
2.88,106
2.84,0
2.85,0
2.86,23
2.87,0
2.86,23
2.84,217
2.84,439
2.86,78
2.84,0
2.85,0
2.86,245
2.86,51
2.90,217
2.88,78
2.90,106
2.86,78
2.84,0
2.85,0
2.90,78
2.91,0
2.85,0
2.89,23
2.85,23
2.89,0
2.88,0
2.84,23
2.84,23
2.87,0
2.86,0
2.85,0
2.84,0
2.84,51
2.88,78
2.87,23
2.86,51
2.84,189
2.87,134
2.86,134
2.87,217
2.87,0
2.89,0
2.85,23
2.86,23
2.88,0
2.83,0
2.87,23
2.84,51
2.90,23
2.87,51
2.83,0
2.84,134
2.82,23
2.86,78
2.85,51
2.93,0
2.86,51
2.89,51
2.86,23
2.86,51
2.88,0
2.86,106
2.83,23
2.84,0
2.85,0
2.86,0
2.90,106
2.87,23
2.90,106
2.85,0
2.86,106
2.86,23
2.86,0
2.89,78
2.88,0
2.90,51
2.85,23
2.88,51
2.89,23
2.88,0
2.88,23
2.88,23
2.87,23
2.90,0
2.86,0
2.86,50
2.87,0
2.86,0
2.88,0
2.86,23
2.86,0
2.89,51
2.93,23
2.87,0
2.84,23
2.89,0
2.85,23
2.86,50
2.91,23
2.89,0
2.85,23
2.86,0
2.85,23
2.87,0
2.93,23
2.85,0
2.92,23
2.87,0
2.86,0
2.88,23
2.87,0
2.90,23
2.86,0
2.86,23
2.92,78
2.87,0
2.86,50
2.87,0
2.86,23
2.88,189
2.86,0
2.87,23
2.86,0
2.86,23
2.89,0
2.85,0
2.86,23
2.87,134
2.86,0
2.90,23
2.90,51
2.85,161
2.92,51
2.86,244
2.90,51
2.86,161
2.87,51
2.84,51
2.90,189
2.91,78
2.85,189
2.92,466
2.87,50
2.85,50
2.84,0
2.85,23
2.85,134
2.85,51
2.92,466
2.91,78
2.86,161
2.86,161
2.83,51
2.85,134
2.90,161
2.88,161
2.84,327
2.87,161
2.88,161
2.85,327
2.88,189
2.84,161
2.84,0
2.90,23
2.84,300
2.84,134
2.84,23
2.84,438
2.84,189
2.86,50
2.87,0
2.84,23
2.88,134
2.86,0
2.83,50
2.87,50
2.89,0
2.89,23
2.89,217
2.89,134
2.84,50
2.91,0
2.84,23
2.85,106
2.86,106
2.86,0
2.87,23
2.87,78
2.91,0
2.89,0
2.86,162
2.85,23
2.86,0
2.91,23
2.84,356
2.89,300
2.84,51
2.86,106
2.86,384
2.89,106
2.84,0
2.87,23
2.83,162
2.88,23
2.86,273
2.84,0
2.89,23
2.87,23
2.83,162
2.89,134
2.85,23
2.89,78
2.87,0
2.87,23
2.85,134
2.85,300
2.89,51
2.86,106
2.88,300
2.84,162
2.88,189
2.87,0
2.85,23
2.85,134
2.88,0
2.86,106
2.87,51
2.86,300
2.84,162
2.84,23
2.84,51
2.90,51
2.87,134
2.89,0
2.85,51
2.84,51
2.85,217
2.89,51
2.88,134
2.84,0
2.86,0
2.87,23
2.83,51
2.87,162
2.82,51
2.86,106
2.86,162
2.84,51
2.86,245
2.89,0
2.90,23
2.87,23
2.90,0
2.85,0
2.84,51
2.85,23
2.90,162
2.89,50
2.89,0
2.83,23
2.85,0
2.87,78
2.89,106
2.83,0
2.85,23
2.86,23
2.85,0
2.88,23
2.88,23
2.89,106
2.88,23
2.88,51
2.89,78
2.87,106
2.89,23
2.86,0
2.84,23
2.88,23
2.84,0
2.86,23
2.85,0
2.85,78
2.86,78
2.87,0
2.86,23
2.87,23
2.84,0
2.85,23
2.84,51
2.86,0
2.84,0
2.88,23
2.85,0
2.88,0
2.85,23
2.89,134
2.89,51
2.90,273
2.85,106
2.88,23
2.89,23
2.88,0
2.89,23
2.88,51
2.87,0
2.90,78
2.85,51
2.90,23
2.84,0
2.90,23
2.86,23
2.85,162
2.86,0
2.86,23
2.88,106
2.85,78
2.89,0
2.83,0
2.86,23
2.84,23
2.86,23
2.85,51
2.84,23
2.88,0
2.84,23
2.85,51
2.84,0
2.84,0
2.84,0
2.87,23
2.83,0
2.87,0
2.90,0
2.88,23
2.90,0
2.87,0
2.86,0
2.84,23
2.89,23
2.84,0
2.85,23
2.84,0
2.88,23
2.90,51
2.85,23
2.84,0
2.84,51
2.89,23
2.87,23
2.89,0
2.84,0
2.88,23
2.89,134
2.92,0
2.89,51
2.89,51
2.84,0
2.84,23
2.85,23
2.85,0
2.84,0
2.90,23
2.89,0
2.84,0
2.86,23
2.87,0
2.89,0
2.90,23
2.84,161
2.85,0
2.85,0
2.87,23
2.90,0
2.90,0
2.84,23
2.87,0
2.83,327
2.86,161
2.85,300
2.88,78
2.84,0
2.88,161
2.91,0
2.87,23
2.89,78
2.86,23
2.84,438
2.87,134
2.90,78
2.86,0
2.88,0
2.89,23
2.84,0
2.85,0
2.88,50
2.85,51
2.87,244
2.85,0
2.84,272
2.86,78
2.86,23
2.85,0
2.89,0
2.85,23
2.86,604
2.85,50
2.86,0
2.88,23
2.85,327
2.84,0
2.87,0
2.88,23
2.88,134
2.85,161
2.87,51
2.85,161
2.90,0
2.84,50
2.87,161
2.86,549
2.84,0
2.89,0
2.85,0
2.86,0
2.90,0
2.84,0
2.87,0
2.86,0
2.84,0
2.90,0
2.86,0
2.84,78
2.87,161
2.85,78
2.90,106
2.86,51
2.88,51
2.84,300
2.86,0
2.86,0
2.88,0
2.89,78
2.84,134
2.84,78
2.84,134
2.87,78
2.90,0
2.85,78
2.87,217
2.87,78
2.88,134
2.85,23
2.88,300
2.90,162
2.85,0
2.89,51
2.88,23
2.89,328
2.85,106
2.85,0
2.87,217
2.86,50
2.85,23
2.88,0
2.84,23
2.90,0
2.85,189
2.86,23
2.84,134
2.88,162
2.86,189
2.85,106
2.88,162
2.86,0
2.85,0
2.88,0
2.88,0
2.85,0
2.87,0
2.85,0
2.90,23
2.91,0
2.87,0
2.86,0
2.83,0
2.85,0
2.85,0
2.89,0
2.87,0
2.85,0
2.88,0
2.88,0
2.86,0
2.84,0
2.85,0
2.86,0
2.85,0
2.89,0
2.86,0
2.88,0
2.85,23
2.86,23
2.86,162
2.90,0
2.85,0
2.85,0
2.86,0
2.91,0
2.85,0
2.90,0
2.87,0
2.90,0
2.91,0
2.84,0
2.91,0
2.87,0
2.84,0
2.85,0
2.86,0
2.86,0
2.88,0
2.89,0
2.86,0
2.89,0
2.90,0
2.88,0
2.88,0
2.89,0
2.90,23
2.88,23
2.89,23
2.85,300
2.85,245
2.89,23
2.89,23
2.85,51
2.87,0
2.85,0
2.88,0
2.86,0
2.85,0
2.88,0
2.89,0
2.85,0
2.90,0
2.85,0
2.84,0
2.91,0
2.91,0
2.89,0
2.88,0
2.86,0
2.85,0
2.90,0
2.87,0
2.86,0
2.86,0
2.88,0
2.88,23
2.89,0
2.86,0
2.88,0
2.85,0
2.91,0
2.85,0
2.85,0
2.85,0
2.85,0
2.85,0
2.89,0
2.90,0
2.86,0
2.90,0
2.85,0
2.84,0
2.84,0
2.84,0
2.85,0
2.88,0
2.90,0
2.85,0
2.87,134
2.84,51
2.88,23
2.84,0
2.90,0
2.88,0
2.85,0
2.90,23
2.86,50
2.84,51
2.85,51
2.88,78
2.88,23
2.89,0
2.89,0
2.87,189
2.86,0
2.83,0
2.88,0
2.88,0
2.86,0
2.86,0
2.91,0
2.86,0
2.84,0
2.87,0
2.90,0
2.87,0
2.84,0
2.88,0
2.86,0
2.88,0
2.87,0
2.85,0
2.88,0
2.91,0
2.84,0
2.89,0
2.85,0
2.84,0
2.87,0
2.85,0
2.85,0
2.88,0
2.84,0
2.89,0
2.87,0
2.87,0
2.87,0
2.90,0
2.86,0
2.84,0
2.90,0
2.83,0
2.86,0
2.92,0
2.90,0
2.89,0
2.87,0
2.87,0
2.90,0
2.87,0
2.85,0
2.85,0
2.90,0
2.86,0
2.87,0
2.86,0
2.87,0
2.84,0
2.88,0
2.90,0
2.87,0
2.84,0
2.84,0
2.85,0
2.86,0
2.85,0
2.85,0
2.86,0
2.89,0
2.84,0
2.90,0
2.85,0
2.87,0
2.90,0
2.85,0
2.84,0
2.85,0
2.87,51
2.90,0
2.88,0
2.85,0
2.85,0
2.87,0
2.88,0
2.85,0
2.84,0
2.86,0
2.90,0
2.87,0
2.86,0
2.89,0
2.85,0
2.86,0
2.89,0
2.87,0
2.86,23
2.85,23
2.87,23
2.89,23
2.86,189
2.90,0
2.92,23
2.91,23
2.85,51
2.87,0
2.87,0
2.85,0
2.85,0
2.90,0
2.86,0
2.87,0
2.84,0
2.86,0
2.88,0
2.88,0
2.88,0
2.85,0
2.85,0
2.88,0
2.85,0
2.85,0
2.89,0
2.86,0
2.85,0
2.85,0
2.86,0
2.85,0
2.85,0
2.90,0
2.84,0
2.90,0
2.85,0
2.87,0
2.89,0
2.89,0
2.88,0
2.88,0
2.89,0
2.83,0
2.84,0
2.90,0
2.83,0
2.90,0
2.84,0
2.85,0
2.91,0
2.87,0
2.88,0
2.86,0
2.87,0
2.85,0
2.86,0
2.89,0
2.85,0
2.87,0
2.87,0
2.88,0
2.84,0
2.88,0
2.89,0
2.85,0
2.85,0
2.85,0
2.85,0
2.87,0
2.84,0
2.90,162
2.87,189
2.88,0
2.86,217
2.87,356
2.85,162
2.88,217
2.85,0
2.85,134
2.84,78
2.85,0
2.90,51
2.89,411
2.88,411
2.91,189
2.84,217
2.86,0
2.87,51
2.86,217
2.87,272
2.88,383
2.88,51
2.91,272
2.90,0
2.89,161
2.88,217
2.85,272
2.89,189
2.85,411
2.86,716
2.89,2075
2.84,1243
2.88,1659
2.88,2492
2.85,383
2.89,1188
2.87,328
2.90,1410
2.84,134
2.89,2270
2.88,439
2.89,1743
2.89,578
2.85,0
2.86,1271
2.85,1576
2.85,494
2.88,300
2.86,633
2.86,134
2.87,1715
2.89,0
2.84,78
2.90,3629
2.85,3573
2.84,78
2.90,189
2.85,2880
2.88,134
2.87,827
2.87,1548
2.85,1798
2.87,1937
2.86,1299
2.86,467
2.86,578
2.87,688
2.85,467
2.85,217
2.89,162
2.88,494
2.86,162
2.90,134
2.90,134
2.91,162
2.84,51
2.86,217
2.90,217
